dw 256 , 271 , 287 , 304 , 322 , 341 , 362 , 383 , 406 , 430 , 456 , 483
dw 512 , 542 , 574 , 608 , 645 , 683 , 724 , 767 , 812 , 861 , 912 , 966
dw 1024 , 1084 , 1149 , 1217 , 1290 , 1366 , 1448 , 1534 , 1625 , 1722
dw 1824 , 1933 , 2048 , 2169 , 2298 , 2435 , 2580 , 2733 , 2896 , 3068
dw 3250 , 3444 , 3649 , 3866 , 4096 , 4339 , 4597 , 4870 , 5160 , 5467
dw 5792 , 6137 , 6501 , 6888 , 7298 , 7732 , 8192 , 8679 , 9195 , 9741
dw 10321 , 10935 , 11585 , 12274 , 13003 , 13777 , 14596 , 15464 , 16384
dw 17358 , 18390 , 19483 , 20642 , 21870 , 23170 , 24548 , 26007 , 27554
dw 29192 , 30928 , 32768 , 34716 , 36780 , 38967 , 41285 , 43740 , 46340
dw 49096 , 52015 , 55108 , 58385 , 61857
